[gd_resource type="SkeletonProfile" format=3 uid="uid://y5b21v5m8wlc"]

[resource]
group_size = 1
bone_size = 41
groups/0/group_name = &""
bones/0/bone_name = &"mixamorig_Hips"
bones/0/bone_parent = &""
bones/0/tail_direction = 0
bones/0/reference_pose = Transform3D(1, 0, 0, 0, 0, 1, 0, -1, 0, 0.00135147, -0.0324432, -0.780291)
bones/0/handle_offset = Vector2(0.49999, 0.522319)
bones/0/group = &""
bones/0/require = false
bones/1/bone_name = &"mixamorig_Spine"
bones/1/bone_parent = &"mixamorig_Hips"
bones/1/tail_direction = 0
bones/1/reference_pose = Transform3D(1, 0, 0, 0, 0.992775, 0.11999, 0, -0.11999, 0.992775, 0, 0.142862, -0.0172667)
bones/1/handle_offset = Vector2(0.49999, 0.530695)
bones/1/group = &""
bones/1/require = false
bones/2/bone_name = &"mixamorig_Spine1"
bones/2/bone_parent = &"mixamorig_Spine"
bones/2/tail_direction = 0
bones/2/reference_pose = Transform3D(1, -6.06745e-10, -3.65336e-11, 6.06745e-10, 1, 7.45058e-08, 3.65336e-11, -7.45058e-08, 1, 0, 0.167885, 3.72529e-09)
bones/2/handle_offset = Vector2(0.49999, 0.540467)
bones/2/group = &""
bones/2/require = false
bones/3/bone_name = &"mixamorig_Spine2"
bones/3/bone_parent = &"mixamorig_Spine1"
bones/3/tail_direction = 0
bones/3/reference_pose = Transform3D(1, 6.06745e-10, 3.65335e-11, -6.06745e-10, 1, -1.04308e-07, -3.65336e-11, 1.04308e-07, 1, -1.5111e-10, 0.191869, 7.45053e-09)
bones/3/handle_offset = Vector2(0.49999, 0.551635)
bones/3/group = &""
bones/3/require = false
bones/4/bone_name = &"mixamorig_Neck"
bones/4/bone_parent = &"mixamorig_Spine2"
bones/4/tail_direction = 0
bones/4/reference_pose = Transform3D(1, 3.43551e-18, -3.90992e-18, -3.87984e-18, 0.992775, -0.11999, 3.46945e-18, 0.11999, 0.992775, -1.16415e-10, 0.215852, 1.49012e-08)
bones/4/handle_offset = Vector2(0.49999, 0.5642)
bones/4/group = &""
bones/4/require = false
bones/5/bone_name = &"mixamorig_Head"
bones/5/bone_parent = &"mixamorig_Neck"
bones/5/tail_direction = 0
bones/5/reference_pose = Transform3D(1, 6.98871e-26, -2.17145e-25, -6.98871e-26, 1, -1.15989e-08, 2.17145e-25, 1.15989e-08, 1, 1.16415e-10, 0.0614935, 0.032972)
bones/5/handle_offset = Vector2(0.49999, 0.548205)
bones/5/group = &""
bones/5/require = false
bones/6/bone_name = &"mixamorig_HeadTop_End"
bones/6/bone_parent = &"mixamorig_Head"
bones/6/tail_direction = 0
bones/6/reference_pose = Transform3D(1, 8.37086e-25, -3.78197e-26, -8.37086e-25, 1, 0, 3.78197e-26, 0, 1, 0, 0.283054, 0.15177)
bones/6/handle_offset = Vector2(0.49999, 0.474581)
bones/6/group = &""
bones/6/require = false
bones/7/bone_name = &"mixamorig_LeftShoulder"
bones/7/bone_parent = &"mixamorig_Spine2"
bones/7/tail_direction = 0
bones/7/reference_pose = Transform3D(-0.0337634, 0.958591, -0.282778, 1.36793e-05, -0.282939, -0.959138, -0.99943, -0.0323878, 0.0095399, 0.0749156, 0.193768, -0.00252821)
bones/7/handle_offset = Vector2(0.536331, 0.564132)
bones/7/group = &""
bones/7/require = false
bones/8/bone_name = &"mixamorig_LeftArm"
bones/8/bone_parent = &"mixamorig_LeftShoulder"
bones/8/tail_direction = 0
bones/8/reference_pose = Transform3D(0.999769, -0.0209214, -0.00495248, 0.0214996, 0.972883, 0.230297, 4.56348e-08, -0.23035, 0.973108, -7.45058e-09, 0.155839, -6.0536e-08)
bones/8/handle_offset = Vector2(0.608799, 0.563996)
bones/8/group = &""
bones/8/require = false
bones/9/bone_name = &"mixamorig_LeftForeArm"
bones/9/bone_parent = &"mixamorig_LeftArm"
bones/9/tail_direction = 0
bones/9/reference_pose = Transform3D(0.999918, 0.0127632, 0.000725803, -0.0127838, 0.998306, 0.0567633, -9.25793e-08, -0.0567679, 0.998387, 1.44355e-08, 0.274609, -1.21072e-08)
bones/9/handle_offset = Vector2(0.741804, 0.56482)
bones/9/group = &""
bones/9/require = false
bones/10/bone_name = &"mixamorig_LeftHand"
bones/10/bone_parent = &"mixamorig_LeftForeArm"
bones/10/tail_direction = 0
bones/10/reference_pose = Transform3D(0.992375, -0.0207157, 0.1215, -0.00622985, 0.976084, 0.217305, -0.123096, -0.216405, 0.968512, -3.72529e-09, 0.22334, -1.54832e-07)
bones/10/handle_offset = Vector2(0.850109, 0.567639)
bones/10/group = &""
bones/10/require = false
bones/11/bone_name = &"mixamorig_LeftHandThumb1"
bones/11/bone_parent = &"mixamorig_LeftHand"
bones/11/tail_direction = 0
bones/11/reference_pose = Transform3D(0.505168, -0.863021, -4.2233e-06, 0.863021, 0.505168, 1.21191e-06, 1.08757e-06, -4.25701e-06, 1, -0.0294046, 0.0349113, -1.56171e-07)
bones/11/handle_offset = Vector2(0.867094, 0.553923)
bones/11/group = &""
bones/11/require = false
bones/12/bone_name = &"mixamorig_LeftHandThumb2"
bones/12/bone_parent = &"mixamorig_LeftHandThumb1"
bones/12/tail_direction = 0
bones/12/reference_pose = Transform3D(1, -3.29884e-07, 4.68294e-07, 4.338e-07, 0.970021, -0.243021, -3.74087e-07, 0.243021, 0.970021, 0.0122201, 0.0344103, 2.12516e-07)
bones/12/handle_offset = Vector2(0.880682, 0.542951)
bones/12/group = &""
bones/12/require = false
bones/13/bone_name = &"mixamorig_LeftHandThumb3"
bones/13/bone_parent = &"mixamorig_LeftHandThumb2"
bones/13/tail_direction = 0
bones/13/reference_pose = Transform3D(1, -5.88329e-07, 9.80825e-07, 6.93171e-07, 0.993868, -0.11057, -9.0976e-07, 0.11057, 0.993868, -0.010768, 0.0297686, -9.49949e-08)
bones/13/handle_offset = Vector2(0.884423, 0.52833)
bones/13/group = &""
bones/13/require = false
bones/14/bone_name = &"mixamorig_LeftHandThumb4"
bones/14/bone_parent = &"mixamorig_LeftHandThumb3"
bones/14/tail_direction = 0
bones/14/reference_pose = Transform3D(1, 6.75649e-05, 0.000368721, -6.75737e-05, 1, 2.39169e-05, -0.000368719, -2.39419e-05, 1, -0.00145208, 0.0236453, 2.8871e-08)
bones/14/handle_offset = Vector2(0.890305, 0.518875)
bones/14/group = &""
bones/14/require = false
bones/15/bone_name = &"mixamorig_LeftHandIndex1"
bones/15/bone_parent = &"mixamorig_LeftHand"
bones/15/tail_direction = 0
bones/15/reference_pose = Transform3D(0.999681, -0.0241557, 0.00733431, 0.0252446, 0.956563, -0.290429, -1.96509e-07, 0.290522, 0.956868, -2.11876e-08, 0.0811547, -9.59844e-08)
bones/15/handle_offset = Vector2(0.888523, 0.568897)
bones/15/group = &""
bones/15/require = false
bones/16/bone_name = &"mixamorig_LeftHandIndex2"
bones/16/bone_parent = &"mixamorig_LeftHandIndex1"
bones/16/tail_direction = 0
bones/16/reference_pose = Transform3D(1, 3.65664e-08, -1.00035e-07, -4.20139e-08, 0.998486, -0.0550092, 9.78715e-08, 0.0550092, 0.998486, 2.3264e-05, 0.0502532, 9.31323e-10)
bones/16/handle_offset = Vector2(0.912828, 0.569099)
bones/16/group = &""
bones/16/require = false
bones/17/bone_name = &"mixamorig_LeftHandIndex3"
bones/17/bone_parent = &"mixamorig_LeftHandIndex2"
bones/17/tail_direction = 0
bones/17/reference_pose = Transform3D(1, -1.0788e-07, 1.39595e-08, 1.05419e-07, 0.992745, 0.120238, -2.68295e-08, -0.120238, 0.992745, -6.13211e-05, 0.0420062, 2.39117e-07)
bones/17/handle_offset = Vector2(0.933029, 0.569232)
bones/17/group = &""
bones/17/require = false
bones/18/bone_name = &"mixamorig_LeftHandIndex4"
bones/18/bone_parent = &"mixamorig_LeftHandIndex3"
bones/18/tail_direction = 0
bones/18/reference_pose = Transform3D(1, -2.08683e-05, 0.000318648, 2.08683e-05, 1, 7.2531e-08, -0.000318648, -6.58814e-08, 1, 3.8004e-05, 0.0349877, -2.07365e-07)
bones/18/handle_offset = Vector2(0.95, 0.56938)
bones/18/group = &""
bones/18/require = false
bones/19/bone_name = &"mixamorig_RightShoulder"
bones/19/bone_parent = &"mixamorig_Spine2"
bones/19/tail_direction = 0
bones/19/reference_pose = Transform3D(-0.0374753, -0.958591, 0.28231, -1.74046e-05, -0.282508, -0.959265, 0.999297, -0.0359536, 0.0105704, -0.0749156, 0.193802, -0.00280606)
bones/19/handle_offset = Vector2(0.463648, 0.564267)
bones/19/group = &""
bones/19/require = false
bones/20/bone_name = &"mixamorig_RightArm"
bones/20/bone_parent = &"mixamorig_RightShoulder"
bones/20/tail_direction = 0
bones/20/reference_pose = Transform3D(0.999587, 0.0279862, 0.00659805, -0.0287535, 0.972914, 0.229373, -6.54254e-08, -0.229468, 0.973316, 1.30385e-08, 0.155839, -4.65661e-09)
bones/20/handle_offset = Vector2(0.391181, 0.564403)
bones/20/group = &""
bones/20/require = false
bones/21/bone_name = &"mixamorig_RightForeArm"
bones/21/bone_parent = &"mixamorig_RightArm"
bones/21/tail_direction = 0
bones/21/reference_pose = Transform3D(0.999973, -0.00740496, -0.000416559, 0.00741666, 0.998396, 0.0561203, 3.22951e-07, -0.0561219, 0.998424, 1.53668e-08, 0.274605, 1.38767e-07)
bones/21/handle_offset = Vector2(0.258176, 0.564777)
bones/21/group = &""
bones/21/require = false
bones/22/bone_name = &"mixamorig_RightHand"
bones/22/bone_parent = &"mixamorig_RightForeArm"
bones/22/tail_direction = 0
bones/22/reference_pose = Transform3D(0.976752, 0.0912409, -0.193988, -0.0480089, 0.975021, 0.216864, 0.208929, -0.202509, 0.956734, -9.31323e-10, 0.223298, 5.97211e-08)
bones/22/handle_offset = Vector2(0.14987, 0.566656)
bones/22/group = &""
bones/22/require = false
bones/23/bone_name = &"mixamorig_RightHandThumb1"
bones/23/bone_parent = &"mixamorig_RightHand"
bones/23/tail_direction = 0
bones/23/reference_pose = Transform3D(0.571932, 0.820301, -2.5865e-06, -0.820301, 0.571932, -1.45678e-06, 2.84301e-07, 2.95489e-06, 1, 0.0226325, 0.0388833, 2.86847e-07)
bones/23/handle_offset = Vector2(0.131796, 0.554819)
bones/23/group = &""
bones/23/require = false
bones/24/bone_name = &"mixamorig_RightHandThumb2"
bones/24/bone_parent = &"mixamorig_RightHandThumb1"
bones/24/tail_direction = 0
bones/24/reference_pose = Transform3D(1, -1.39617e-06, 1.00778e-06, 1.45193e-06, 0.998338, -0.0576309, -9.25644e-07, 0.0576309, 0.998338, -0.0151612, 0.0326432, 1.19675e-07)
bones/24/handle_offset = Vector2(0.117336, 0.54535)
bones/24/group = &""
bones/24/require = false
bones/25/bone_name = &"mixamorig_RightHandThumb3"
bones/25/bone_parent = &"mixamorig_RightHandThumb2"
bones/25/tail_direction = 0
bones/25/reference_pose = Transform3D(1, 1.24394e-06, -1.65776e-06, -1.67203e-06, 0.956837, -0.290624, 1.22469e-06, 0.290624, 0.956837, 0.013677, 0.0283919, 7.21775e-08)
bones/25/handle_offset = Vector2(0.115266, 0.530278)
bones/25/group = &""
bones/25/require = false
bones/26/bone_name = &"mixamorig_RightHandThumb4"
bones/26/bone_parent = &"mixamorig_RightHandThumb3"
bones/26/tail_direction = 0
bones/26/reference_pose = Transform3D(0.999908, -0.00309782, -0.0131828, 0.00310839, 0.999995, 0.000781268, 0.0131803, -0.000822174, 0.999913, 0.00148435, 0.0249958, 2.79397e-09)
bones/26/handle_offset = Vector2(0.10889, 0.520597)
bones/26/group = &""
bones/26/require = false
bones/27/bone_name = &"mixamorig_RightHandIndex1"
bones/27/bone_parent = &"mixamorig_RightHand"
bones/27/tail_direction = 0
bones/27/reference_pose = Transform3D(0.99975, -0.0221635, 0.0027928, 0.0223387, 0.991902, -0.125025, 8.12928e-07, 0.125056, 0.99215, 1.11759e-08, 0.0720378, 2.73809e-07)
bones/27/handle_offset = Vector2(0.115758, 0.564988)
bones/27/group = &""
bones/27/require = false
bones/28/bone_name = &"mixamorig_RightHandIndex2"
bones/28/bone_parent = &"mixamorig_RightHandIndex1"
bones/28/tail_direction = 0
bones/28/reference_pose = Transform3D(1, -4.48112e-09, 1.23094e-07, 3.88254e-08, 0.959863, -0.28047, -1.16896e-07, 0.28047, 0.959863, -0.000701202, 0.0516792, -8.00937e-08)
bones/28/handle_offset = Vector2(0.0907902, 0.564926)
bones/28/group = &""
bones/28/require = false
bones/29/bone_name = &"mixamorig_RightHandIndex3"
bones/29/bone_parent = &"mixamorig_RightHandIndex2"
bones/29/tail_direction = 0
bones/29/reference_pose = Transform3D(1, -3.65824e-08, 4.50118e-09, 3.5828e-08, 0.993444, 0.114319, -8.65375e-09, -0.114319, 0.993444, 0.000509358, 0.047917, 6.0536e-08)
bones/29/handle_offset = Vector2(0.0679809, 0.564822)
bones/29/group = &""
bones/29/require = false
bones/30/bone_name = &"mixamorig_RightHandIndex4"
bones/30/bone_parent = &"mixamorig_RightHandIndex3"
bones/30/tail_direction = 0
bones/30/reference_pose = Transform3D(0.999913, -0.000314187, -0.0131555, 0.000315111, 1, 6.81194e-05, 0.0131555, -7.22589e-05, 0.999913, 0.000191829, 0.0371842, -2.31899e-07)
bones/30/handle_offset = Vector2(0.05, 0.564678)
bones/30/group = &""
bones/30/require = false
bones/31/bone_name = &"mixamorig_LeftUpLeg"
bones/31/bone_parent = &"mixamorig_Hips"
bones/31/tail_direction = 0
bones/31/reference_pose = Transform3D(-0.994388, 0.106099, 9.03465e-06, -0.106079, -0.994135, -0.0210534, -0.00222484, -0.0209355, 0.99978, 0.119247, -0.079295, -0.000397704)
bones/31/handle_offset = Vector2(0.557837, 0.522512)
bones/31/group = &""
bones/31/require = false
bones/32/bone_name = &"mixamorig_LeftLeg"
bones/32/bone_parent = &"mixamorig_LeftUpLeg"
bones/32/tail_direction = 0
bones/32/reference_pose = Transform3D(0.998542, 0.0538824, 0.00327341, -0.0539818, 0.996711, 0.0604486, -5.52565e-06, -0.0605372, 0.998166, -2.76486e-09, 0.351966, -2.14706e-09)
bones/32/handle_offset = Vector2(0.575952, 0.526087)
bones/32/group = &""
bones/32/require = false
bones/33/bone_name = &"mixamorig_LeftFoot"
bones/33/bone_parent = &"mixamorig_LeftLeg"
bones/33/tail_direction = 0
bones/33/reference_pose = Transform3D(0.999803, -0.0173787, -0.00961835, -5.52274e-07, 0.484215, -0.874949, 0.0198628, 0.874776, 0.48412, -1.75933e-08, 0.247163, 1.01281e-08)
bones/33/handle_offset = Vector2(0.582207, 0.53586)
bones/33/group = &""
bones/33/require = false
bones/34/bone_name = &"mixamorig_LeftToeBase"
bones/34/bone_parent = &"mixamorig_LeftFoot"
bones/34/tail_direction = 0
bones/34/reference_pose = Transform3D(0.996003, -0.0459072, -0.0766146, -1.53668e-06, 0.857788, -0.514003, 0.0893155, 0.511949, 0.85436, -2.79397e-09, 0.18771, -4.30737e-09)
bones/34/handle_offset = Vector2(0.58634, 0.460061)
bones/34/group = &""
bones/34/require = false
bones/35/bone_name = &"mixamorig_LeftToe_End"
bones/35/bone_parent = &"mixamorig_LeftToeBase"
bones/35/tail_direction = 0
bones/35/reference_pose = Transform3D(1, -2.46393e-07, 2.59629e-06, 2.46393e-07, 1, 8.90609e-09, -2.59629e-06, -8.90545e-09, 1, -4.74938e-09, 0.0606931, 2.44472e-09)
bones/35/handle_offset = Vector2(0.588315, 0.430716)
bones/35/group = &""
bones/35/require = false
bones/36/bone_name = &"mixamorig_RightUpLeg"
bones/36/bone_parent = &"mixamorig_Hips"
bones/36/tail_direction = 0
bones/36/reference_pose = Transform3D(-0.994387, -0.106108, -8.19704e-06, 0.106098, -0.994219, -0.0164699, 0.0017395, -0.0163778, 0.999865, -0.119247, -0.079295, -0.000218052)
bones/36/handle_offset = Vector2(0.442143, 0.522425)
bones/36/group = &""
bones/36/require = false
bones/37/bone_name = &"mixamorig_RightLeg"
bones/37/bone_parent = &"mixamorig_RightUpLeg"
bones/37/tail_direction = 0
bones/37/reference_pose = Transform3D(0.998542, -0.0538443, -0.00383562, 0.0539807, 0.99602, 0.0709231, 1.5524e-06, -0.0710267, 0.997474, -1.67638e-08, 0.351936, 2.0525e-09)
bones/37/handle_offset = Vector2(0.424028, 0.525221)
bones/37/group = &""
bones/37/require = false
bones/38/bone_name = &"mixamorig_RightFoot"
bones/38/bone_parent = &"mixamorig_RightLeg"
bones/38/tail_direction = 0
bones/38/reference_pose = Transform3D(0.999808, 0.0171983, 0.00941203, 6.38887e-07, 0.480048, -0.877242, -0.0196053, 0.877074, 0.479955, 1.23509e-08, 0.247285, 6.98492e-09)
bones/38/handle_offset = Vector2(0.417773, 0.535708)
bones/38/group = &""
bones/38/require = false
bones/39/bone_name = &"mixamorig_RightToeBase"
bones/39/bone_parent = &"mixamorig_RightFoot"
bones/39/tail_direction = 0
bones/39/reference_pose = Transform3D(0.996067, 0.0456428, 0.0759481, 1.36718e-06, 0.857117, -0.515122, -0.088608, 0.513096, 0.853745, -6.06815e-09, 0.187395, 2.36323e-08)
bones/39/handle_offset = Vector2(0.413639, 0.460097)
bones/39/group = &""
bones/39/require = false
bones/40/bone_name = &"mixamorig_RightToe_End"
bones/40/bone_parent = &"mixamorig_RightToeBase"
bones/40/tail_direction = 0
bones/40/reference_pose = Transform3D(1, 2.3575e-09, -2.79059e-06, -2.35732e-09, 1, 6.3621e-08, 2.79059e-06, -6.3621e-08, 1, 3.13084e-08, 0.0609627, -1.26893e-08)
bones/40/handle_offset = Vector2(0.411664, 0.43062)
bones/40/group = &""
bones/40/require = false
