[gd_resource type="Skin" format=3 uid="uid://jmogy6dw40x2"]

[resource]
resource_name = "Skin"
bind_count = 33
bind/0/name = &"mixamorig_Hips"
bind/0/bone = -1
bind/0/pose = Transform3D(1, 0, 0, 0, 1, -7.54979e-08, 0, 7.54979e-08, 1, 0, -0.882168, 0.0316921)
bind/1/name = &"mixamorig_Spine"
bind/1/bone = -1
bind/1/pose = Transform3D(1, 0, 0, 0, 0.990228, -0.139457, 0, 0.139457, 0.990228, 0, -1.00209, -0.0916423)
bind/2/name = &"mixamorig_Spine1"
bind/2/bone = -1
bind/2/pose = Transform3D(1, 0, 0, 0, 0.990228, -0.139457, 0, 0.139457, 0.990228, 0, -1.14689, -0.0916423)
bind/3/name = &"mixamorig_Spine2"
bind/3/bone = -1
bind/3/pose = Transform3D(1, 0, 0, 0, 0.990228, -0.139457, 0, 0.139457, 0.990228, 0, -1.31238, -0.0916424)
bind/4/name = &"mixamorig_Neck"
bind/4/bone = -1
bind/4/pose = Transform3D(1, 0, 0, 0, 1, -6.05967e-08, 0, 6.05967e-08, 1, 0, -1.49669, 0.118238)
bind/5/name = &"mixamorig_Head"
bind/5/bone = -1
bind/5/pose = Transform3D(1, 0, 0, 0, 1, -7.73105e-08, 0, 7.73105e-08, 1, 0, -1.54451, 0.0922152)
bind/6/name = &"mixamorig_HeadTop_End"
bind/6/bone = -1
bind/6/pose = Transform3D(1, 0, 0, 0, 1, -7.73105e-08, 0, 7.73105e-08, 1, 0, -1.83817, -0.0676036)
bind/7/name = &"mixamorig_LeftShoulder"
bind/7/bone = -1
bind/7/pose = Transform3D(-0.0402933, -0.139481, -0.989404, 0.958106, -0.286411, 0.00135786, -0.283565, -0.9479, 0.145178, 0.0917495, 0.348934, 1.4357)
bind/8/name = &"mixamorig_LeftArm"
bind/8/bone = -1
bind/8/pose = Transform3D(-0.0159966, -0.146695, -0.989052, 0.998461, -0.0548735, -0.00801014, -0.0530978, -0.987658, 0.147347, 0.0964825, -0.153034, 1.43953)
bind/9/name = &"mixamorig_LeftForeArm"
bind/9/bone = -1
bind/9/pose = Transform3D(0.0116711, -0.148159, -0.988894, 0.998636, 0.0520691, 0.00398475, 0.0509004, -0.987592, 0.148565, 0.0844606, -0.582272, 1.38655)
bind/10/name = &"mixamorig_LeftHand"
bind/10/bone = -1
bind/10/pose = Transform3D(-0.0522162, 0.995824, 0.0748785, 0.823281, 0.0853653, -0.561178, -0.565226, 0.0323435, -0.824301, -1.37066, -0.85308, 0.31194)
bind/11/name = &"mixamorig_LeftHandIndex1"
bind/11/bone = -1
bind/11/pose = Transform3D(-0.138267, -0.928685, -0.344132, 0.98889, -0.148601, 0.00369833, -0.0545729, -0.339797, 0.938914, 1.39651, -0.599948, 0.651709)
bind/12/name = &"mixamorig_LeftHandIndex2"
bind/12/bone = -1
bind/12/pose = Transform3D(-0.138271, -0.928684, -0.344131, 0.988889, -0.148605, 0.00369719, -0.0545732, -0.339796, 0.938914, 1.39651, -0.631719, 0.651707)
bind/13/name = &"mixamorig_LeftHandIndex3"
bind/13/bone = -1
bind/13/pose = Transform3D(-0.138269, -0.928684, -0.344131, 0.98889, -0.148603, 0.00369818, -0.0545736, -0.339797, 0.938914, 1.39924, -0.679941, 0.654281)
bind/14/name = &"mixamorig_LeftHandIndex4"
bind/14/bone = -1
bind/14/pose = Transform3D(-0.138269, -0.928684, -0.344132, 0.98889, -0.148603, 0.00369818, -0.0545736, -0.339797, 0.938914, 1.40568, -0.708293, 0.649518)
bind/15/name = &"mixamorig_RightShoulder"
bind/15/bone = -1
bind/15/pose = Transform3D(-0.0430957, 0.139474, 0.989288, -0.958106, -0.286411, -0.00135762, 0.283153, -0.947901, 0.145974, -0.0917515, 0.348613, 1.4358)
bind/16/name = &"mixamorig_RightArm"
bind/16/bone = -1
bind/16/pose = Transform3D(-0.012084, 0.148665, 0.988814, -0.998486, -0.0548766, -0.0039514, 0.0536753, -0.987364, 0.149103, -0.0977706, -0.152559, 1.43954)
bind/17/name = &"mixamorig_RightForeArm"
bind/17/bone = -1
bind/17/pose = Transform3D(0.020362, 0.15037, 0.98842, -0.998564, 0.0520661, 0.0126503, -0.049561, -0.987258, 0.151214, -0.0836801, -0.581195, 1.387)
bind/18/name = &"mixamorig_RightHand"
bind/18/bone = -1
bind/18/pose = Transform3D(-0.0535714, -0.96572, -0.253998, -0.587968, 0.2361, -0.773661, 0.807109, 0.107897, -0.580461, 1.30605, -0.901277, 0.430074)
bind/19/name = &"mixamorig_RightHandIndex1"
bind/19/bone = -1
bind/19/pose = Transform3D(-0.0618922, 0.940518, 0.334059, -0.997835, -0.0657727, 0.000306295, 0.0222596, -0.333317, 0.942552, -1.35398, -0.721613, 0.617784)
bind/20/name = &"mixamorig_RightHandIndex2"
bind/20/bone = -1
bind/20/pose = Transform3D(-0.0618937, 0.940518, 0.334058, -0.997835, -0.0657739, 0.000305237, 0.022259, -0.333316, 0.942552, -1.35398, -0.7544, 0.617782)
bind/21/name = &"mixamorig_RightHandIndex3"
bind/21/bone = -1
bind/21/pose = Transform3D(-0.0618925, 0.940518, 0.334059, -0.997835, -0.0657729, 0.00030572, 0.0222591, -0.333316, 0.942552, -1.35054, -0.80214, 0.614813)
bind/22/name = &"mixamorig_RightHandIndex4"
bind/22/bone = -1
bind/22/pose = Transform3D(-0.0618925, 0.940518, 0.334059, -0.997835, -0.0657729, 0.000305712, 0.0222591, -0.333316, 0.942552, -1.35168, -0.832106, 0.617576)
bind/23/name = &"mixamorig_LeftUpLeg"
bind/23/bone = -1
bind/23/pose = Transform3D(-0.997229, -0.0742755, -0.00107712, 0.0742833, -0.997132, -0.0145095, 5.56228e-07, -0.0145495, 0.999894, 0.180368, 0.80192, 0.0439019)
bind/24/name = &"mixamorig_LeftLeg"
bind/24/bone = -1
bind/24/pose = Transform3D(-0.997888, -0.064829, -0.000932521, 0.0647301, -0.995343, -0.0714332, 0.00369966, -0.0713434, 0.997445, 0.176532, 0.402689, 0.0669399)
bind/25/name = &"mixamorig_LeftFoot"
bind/25/bone = -1
bind/25/pose = Transform3D(-0.99711, -0.0616742, -0.0441892, -0.00283672, -0.551739, 0.834012, -0.0758195, 0.831733, 0.549974, 0.173463, 0.10873, -0.0414486)
bind/26/name = &"mixamorig_LeftToeBase"
bind/26/bone = -1
bind/26/pose = Transform3D(-0.998242, 0.0508266, 0.030231, 0.0276868, -0.0499735, 0.998366, 0.0522532, 0.997457, 0.0484784, 0.166307, -0.10062, -0.0152252)
bind/27/name = &"mixamorig_LeftToe_End"
bind/27/bone = -1
bind/27/pose = Transform3D(-0.998242, 0.0508255, 0.0302309, 0.0276868, -0.0499734, 0.998366, 0.0522521, 0.997457, 0.0484784, 0.166307, -0.161132, -0.015225)
bind/28/name = &"mixamorig_RightUpLeg"
bind/28/bone = -1
bind/28/pose = Transform3D(-0.997229, 0.0742829, 0.000779976, -0.074287, -0.997181, -0.0105094, -7.15716e-07, -0.0105384, 0.999944, -0.180383, 0.802085, 0.0409669)
bind/29/name = &"mixamorig_RightLeg"
bind/29/bone = -1
bind/29/pose = Transform3D(-0.997887, 0.0648444, 0.000671908, -0.0647075, -0.994996, -0.0761274, -0.00426573, -0.0760107, 0.997098, -0.176549, 0.402466, 0.0675278)
bind/30/name = &"mixamorig_RightFoot"
bind/30/bone = -1
bind/30/pose = Transform3D(-0.997135, 0.0614905, 0.0438733, 0.002826, -0.550056, 0.835123, 0.075486, 0.832861, 0.548311, -0.173458, 0.108798, -0.0416069)
bind/31/name = &"mixamorig_RightToeBase"
bind/31/bone = -1
bind/31/pose = Transform3D(-0.998264, -0.0505664, -0.0299288, -0.0274221, -0.0495158, 0.998397, -0.0519662, 0.997492, 0.0480434, -0.166326, -0.101056, -0.0151548)
bind/32/name = &"mixamorig_RightToe_End"
bind/32/bone = -1
bind/32/pose = Transform3D(-0.998264, -0.0505656, -0.029929, -0.0274223, -0.0495158, 0.998397, -0.0519654, 0.997492, 0.0480435, -0.166326, -0.162158, -0.0151546)
